Half Adder

|   a   |   b   |  sum  | carry |
|   0   |   0   |   0   |   0   |
|   0   |   1   |   1   |   0   |
|   1   |   0   |   1   |   0   |
|   1   |   1   |   0   |   1   |

Full Adder

|   a   |   b   |   c   |  sum  | carry |
|   0   |   0   |   0   |   0   |   0   |
|   0   |   0   |   1   |   1   |   0   |
|   0   |   1   |   0   |   1   |   0   |
|   0   |   1   |   1   |   0   |   1   |
|   1   |   0   |   0   |   1   |   0   |
|   1   |   0   |   1   |   0   |   1   |
|   1   |   1   |   0   |   0   |   1   |
|   1   |   1   |   1   |   1   |   1   |

Add16

|        a         |        b         |       out        |
| 0000000000000000 | 0000000000000000 | 0000000000000000 |
| 0000000000000000 | 1111111111111111 | 1111111111111111 |
| 1111111111111111 | 1111111111111111 | 1111111111111110 |
| 1010101010101010 | 0101010101010101 | 1111111111111111 |
| 0011110011000011 | 0000111111110000 | 0100110010110011 |
| 0001001000110100 | 1001100001110110 | 1010101010101010 |

ALU

|        x         |        y         |zx |nx |zy |ny | f |no |       out        |zr |ng |
| 0000000000000000 | 1111111111111111 | 1 | 0 | 1 | 0 | 1 | 0 | 0000000000000000 | 1 | 0 |
| 0000000000000000 | 1111111111111111 | 1 | 1 | 1 | 1 | 1 | 1 | 0000000000000001 | 0 | 0 |
| 0000000000000000 | 1111111111111111 | 1 | 1 | 1 | 0 | 1 | 0 | 1111111111111111 | 0 | 1 |
| 0000000000000000 | 1111111111111111 | 0 | 0 | 1 | 1 | 0 | 0 | 0000000000000000 | 1 | 0 |
| 0000000000000000 | 1111111111111111 | 1 | 1 | 0 | 0 | 0 | 0 | 1111111111111111 | 0 | 1 |
| 0000000000000000 | 1111111111111111 | 0 | 0 | 1 | 1 | 0 | 1 | 1111111111111111 | 0 | 1 |
| 0000000000000000 | 1111111111111111 | 1 | 1 | 0 | 0 | 0 | 1 | 0000000000000000 | 1 | 0 |
| 0000000000000000 | 1111111111111111 | 0 | 0 | 1 | 1 | 1 | 1 | 0000000000000000 | 1 | 0 |
| 0000000000000000 | 1111111111111111 | 1 | 1 | 0 | 0 | 1 | 1 | 0000000000000001 | 0 | 0 |
| 0000000000000000 | 1111111111111111 | 0 | 1 | 1 | 1 | 1 | 1 | 0000000000000001 | 0 | 0 |
| 0000000000000000 | 1111111111111111 | 1 | 1 | 0 | 1 | 1 | 1 | 0000000000000000 | 1 | 0 |
| 0000000000000000 | 1111111111111111 | 0 | 0 | 1 | 1 | 1 | 0 | 1111111111111111 | 0 | 1 |
| 0000000000000000 | 1111111111111111 | 1 | 1 | 0 | 0 | 1 | 0 | 1111111111111110 | 0 | 1 |
| 0000000000000000 | 1111111111111111 | 0 | 0 | 0 | 0 | 1 | 0 | 1111111111111111 | 0 | 1 |
| 0000000000000000 | 1111111111111111 | 0 | 1 | 0 | 0 | 1 | 1 | 0000000000000001 | 0 | 0 |
| 0000000000000000 | 1111111111111111 | 0 | 0 | 0 | 1 | 1 | 1 | 1111111111111111 | 0 | 1 |
| 0000000000000000 | 1111111111111111 | 0 | 0 | 0 | 0 | 0 | 0 | 0000000000000000 | 1 | 0 |
| 0000000000000000 | 1111111111111111 | 0 | 1 | 0 | 1 | 0 | 1 | 1111111111111111 | 0 | 1 |
| 0000000000010001 | 0000000000000011 | 1 | 0 | 1 | 0 | 1 | 0 | 0000000000000000 | 1 | 0 |
| 0000000000010001 | 0000000000000011 | 1 | 1 | 1 | 1 | 1 | 1 | 0000000000000001 | 0 | 0 |
| 0000000000010001 | 0000000000000011 | 1 | 1 | 1 | 0 | 1 | 0 | 1111111111111111 | 0 | 1 |
| 0000000000010001 | 0000000000000011 | 0 | 0 | 1 | 1 | 0 | 0 | 0000000000010001 | 0 | 0 |
| 0000000000010001 | 0000000000000011 | 1 | 1 | 0 | 0 | 0 | 0 | 0000000000000011 | 0 | 0 |
| 0000000000010001 | 0000000000000011 | 0 | 0 | 1 | 1 | 0 | 1 | 1111111111101110 | 0 | 1 |
| 0000000000010001 | 0000000000000011 | 1 | 1 | 0 | 0 | 0 | 1 | 1111111111111100 | 0 | 1 |
| 0000000000010001 | 0000000000000011 | 0 | 0 | 1 | 1 | 1 | 1 | 1111111111101111 | 0 | 1 |
| 0000000000010001 | 0000000000000011 | 1 | 1 | 0 | 0 | 1 | 1 | 1111111111111101 | 0 | 1 |
| 0000000000010001 | 0000000000000011 | 0 | 1 | 1 | 1 | 1 | 1 | 0000000000010010 | 0 | 0 |
| 0000000000010001 | 0000000000000011 | 1 | 1 | 0 | 1 | 1 | 1 | 0000000000000100 | 0 | 0 |
| 0000000000010001 | 0000000000000011 | 0 | 0 | 1 | 1 | 1 | 0 | 0000000000010000 | 0 | 0 |
| 0000000000010001 | 0000000000000011 | 1 | 1 | 0 | 0 | 1 | 0 | 0000000000000010 | 0 | 0 |
| 0000000000010001 | 0000000000000011 | 0 | 0 | 0 | 0 | 1 | 0 | 0000000000010100 | 0 | 0 |
| 0000000000010001 | 0000000000000011 | 0 | 1 | 0 | 0 | 1 | 1 | 0000000000001110 | 0 | 0 |
| 0000000000010001 | 0000000000000011 | 0 | 0 | 0 | 1 | 1 | 1 | 1111111111110010 | 0 | 1 |
| 0000000000010001 | 0000000000000011 | 0 | 0 | 0 | 0 | 0 | 0 | 0000000000000001 | 0 | 0 |
| 0000000000010001 | 0000000000000011 | 0 | 1 | 0 | 1 | 0 | 1 | 0000000000010011 | 0 | 0 |

Inc16

|        in        |       out        |
| 0000000000000000 | 0000000000000001 |
| 1111111111111111 | 0000000000000000 |
| 0000000000000101 | 0000000000000110 |
| 1111111111111011 | 1111111111111100 |
