Not 

|  in   |  out  |
|   0   |   1   |
|   1   |   0   |

Not16

|        in        |       out        |
| 0000000000000000 | 1111111111111111 |
| 1111111111111111 | 0000000000000000 |
| 1010101010101010 | 0101010101010101 |
| 0011110011000011 | 1100001100111100 |
| 0001001000110100 | 1110110111001011 |

And 

|   a   |   b   |  out  |
|   0   |   0   |   0   |
|   0   |   1   |   0   |
|   1   |   0   |   0   |
|   1   |   1   |   1   |

And16

|        a         |        b         |       out        |
| 0000000000000000 | 0000000000000000 | 0000000000000000 |
| 0000000000000000 | 1111111111111111 | 0000000000000000 |
| 1111111111111111 | 1111111111111111 | 1111111111111111 |
| 1010101010101010 | 0101010101010101 | 0000000000000000 |
| 0011110011000011 | 0000111111110000 | 0000110011000000 |
| 0001001000110100 | 1001100001110110 | 0001000000110100 |

Or

|   a   |   b   |  out  |
|   0   |   0   |   0   |
|   0   |   1   |   1   |
|   1   |   0   |   1   |
|   1   |   1   |   1   |

Or16

|        a         |        b         |       out        |
| 0000000000000000 | 0000000000000000 | 0000000000000000 |
| 0000000000000000 | 1111111111111111 | 1111111111111111 |
| 1111111111111111 | 1111111111111111 | 1111111111111111 |
| 1010101010101010 | 0101010101010101 | 1111111111111111 |
| 0011110011000011 | 0000111111110000 | 0011111111110011 |
| 0001001000110100 | 1001100001110110 | 1001101001110110 |

Or8Way

|     in     | out |
|  00000000  |  0  |
|  11111111  |  1  |
|  00010000  |  1  |
|  00000001  |  1  |
|  00100110  |  1  |

Xor

|   a   |   b   |  out  |
|   0   |   0   |   0   |
|   0   |   1   |   1   |
|   1   |   0   |   1   |
|   1   |   1   |   0   |


Mux

|   a   |   b   |  out  |
|   0   |   0   |   0   |
|   0   |   1   |   1   |
|   1   |   0   |   1   |
|   1   |   1   |   0   |

Mux16

|        a         |        b         | sel |       out        |
| 0000000000000000 | 0000000000000000 |  0  | 0000000000000000 |
| 0000000000000000 | 0000000000000000 |  1  | 0000000000000000 |
| 0000000000000000 | 0001001000110100 |  0  | 0000000000000000 |
| 0000000000000000 | 0001001000110100 |  1  | 0001001000110100 |
| 1001100001110110 | 0000000000000000 |  0  | 1001100001110110 |
| 1001100001110110 | 0000000000000000 |  1  | 0000000000000000 |
| 1010101010101010 | 0101010101010101 |  0  | 1010101010101010 |
| 1010101010101010 | 0101010101010101 |  1  | 0101010101010101 |

Mux4Way16

|        a         |        b         |        c         |        d         | sel  |       out        |
| 0000000000000000 | 0000000000000000 | 0000000000000000 | 0000000000000000 |  00  | 0000000000000000 |
| 0000000000000000 | 0000000000000000 | 0000000000000000 | 0000000000000000 |  01  | 0000000000000000 |
| 0000000000000000 | 0000000000000000 | 0000000000000000 | 0000000000000000 |  10  | 0000000000000000 |
| 0000000000000000 | 0000000000000000 | 0000000000000000 | 0000000000000000 |  11  | 0000000000000000 |
| 0001001000110100 | 1001100001110110 | 1010101010101010 | 0101010101010101 |  00  | 0001001000110100 |
| 0001001000110100 | 1001100001110110 | 1010101010101010 | 0101010101010101 |  01  | 1001100001110110 |
| 0001001000110100 | 1001100001110110 | 1010101010101010 | 0101010101010101 |  10  | 1010101010101010 |
| 0001001000110100 | 1001100001110110 | 1010101010101010 | 0101010101010101 |  11  | 0101010101010101 |

Mux8Way16

|        a         |        b         |        c         |        d         |        e         |        f         |        g         |        h         |  sel  |       out        |
| 0000000000000000 | 0000000000000000 | 0000000000000000 | 0000000000000000 | 0000000000000000 | 0000000000000000 | 0000000000000000 | 0000000000000000 |  000  | 0000000000000000 |
| 0000000000000000 | 0000000000000000 | 0000000000000000 | 0000000000000000 | 0000000000000000 | 0000000000000000 | 0000000000000000 | 0000000000000000 |  001  | 0000000000000000 |
| 0000000000000000 | 0000000000000000 | 0000000000000000 | 0000000000000000 | 0000000000000000 | 0000000000000000 | 0000000000000000 | 0000000000000000 |  010  | 0000000000000000 |
| 0000000000000000 | 0000000000000000 | 0000000000000000 | 0000000000000000 | 0000000000000000 | 0000000000000000 | 0000000000000000 | 0000000000000000 |  011  | 0000000000000000 |
| 0000000000000000 | 0000000000000000 | 0000000000000000 | 0000000000000000 | 0000000000000000 | 0000000000000000 | 0000000000000000 | 0000000000000000 |  100  | 0000000000000000 |
| 0000000000000000 | 0000000000000000 | 0000000000000000 | 0000000000000000 | 0000000000000000 | 0000000000000000 | 0000000000000000 | 0000000000000000 |  101  | 0000000000000000 |
| 0000000000000000 | 0000000000000000 | 0000000000000000 | 0000000000000000 | 0000000000000000 | 0000000000000000 | 0000000000000000 | 0000000000000000 |  110  | 0000000000000000 |
| 0000000000000000 | 0000000000000000 | 0000000000000000 | 0000000000000000 | 0000000000000000 | 0000000000000000 | 0000000000000000 | 0000000000000000 |  111  | 0000000000000000 |
| 0001001000110100 | 0010001101000101 | 0011010001010110 | 0100010101100111 | 0101011001111000 | 0110011110001001 | 0111100010011010 | 1000100110101011 |  000  | 0001001000110100 |
| 0001001000110100 | 0010001101000101 | 0011010001010110 | 0100010101100111 | 0101011001111000 | 0110011110001001 | 0111100010011010 | 1000100110101011 |  001  | 0010001101000101 |
| 0001001000110100 | 0010001101000101 | 0011010001010110 | 0100010101100111 | 0101011001111000 | 0110011110001001 | 0111100010011010 | 1000100110101011 |  010  | 0011010001010110 |
| 0001001000110100 | 0010001101000101 | 0011010001010110 | 0100010101100111 | 0101011001111000 | 0110011110001001 | 0111100010011010 | 1000100110101011 |  011  | 0100010101100111 |
| 0001001000110100 | 0010001101000101 | 0011010001010110 | 0100010101100111 | 0101011001111000 | 0110011110001001 | 0111100010011010 | 1000100110101011 |  100  | 0101011001111000 |
| 0001001000110100 | 0010001101000101 | 0011010001010110 | 0100010101100111 | 0101011001111000 | 0110011110001001 | 0111100010011010 | 1000100110101011 |  101  | 0110011110001001 |
| 0001001000110100 | 0010001101000101 | 0011010001010110 | 0100010101100111 | 0101011001111000 | 0110011110001001 | 0111100010011010 | 1000100110101011 |  110  | 0111100010011010 |
| 0001001000110100 | 0010001101000101 | 0011010001010110 | 0100010101100111 | 0101011001111000 | 0110011110001001 | 0111100010011010 | 1000100110101011 |  111  | 1000100110101011 |

DMux

|  in   |  sel  |   a   |   b   |
|   0   |   0   |   0   |   0   |
|   0   |   1   |   0   |   0   |
|   1   |   0   |   1   |   0   |
|   1   |   1   |   0   |   1   |

DMux4Way

| in  | sel  |  a  |  b  |  c  |  d  |
|  0  |  00  |  0  |  0  |  0  |  0  |
|  0  |  01  |  0  |  0  |  0  |  0  |
|  0  |  10  |  0  |  0  |  0  |  0  |
|  0  |  11  |  0  |  0  |  0  |  0  |
|  1  |  00  |  1  |  0  |  0  |  0  |
|  1  |  01  |  0  |  1  |  0  |  0  |
|  1  |  10  |  0  |  0  |  1  |  0  |
|  1  |  11  |  0  |  0  |  0  |  1  |

Dmux8Way

| in  |  sel  |  a  |  b  |  c  |  d  |  e  |  f  |  g  |  h  |
|  0  |  000  |  0  |  0  |  0  |  0  |  0  |  0  |  0  |  0  |
|  0  |  001  |  0  |  0  |  0  |  0  |  0  |  0  |  0  |  0  |
|  0  |  010  |  0  |  0  |  0  |  0  |  0  |  0  |  0  |  0  |
|  0  |  011  |  0  |  0  |  0  |  0  |  0  |  0  |  0  |  0  |
|  0  |  100  |  0  |  0  |  0  |  0  |  0  |  0  |  0  |  0  |
|  0  |  101  |  0  |  0  |  0  |  0  |  0  |  0  |  0  |  0  |
|  0  |  110  |  0  |  0  |  0  |  0  |  0  |  0  |  0  |  0  |
|  0  |  111  |  0  |  0  |  0  |  0  |  0  |  0  |  0  |  0  |
|  1  |  000  |  1  |  0  |  0  |  0  |  0  |  0  |  0  |  0  |
|  1  |  001  |  0  |  1  |  0  |  0  |  0  |  0  |  0  |  0  |
|  1  |  010  |  0  |  0  |  1  |  0  |  0  |  0  |  0  |  0  |
|  1  |  011  |  0  |  0  |  0  |  1  |  0  |  0  |  0  |  0  |
|  1  |  100  |  0  |  0  |  0  |  0  |  1  |  0  |  0  |  0  |
|  1  |  101  |  0  |  0  |  0  |  0  |  0  |  1  |  0  |  0  |
|  1  |  110  |  0  |  0  |  0  |  0  |  0  |  0  |  1  |  0  |
|  1  |  111  |  0  |  0  |  0  |  0  |  0  |  0  |  0  |  1  |


