CPU

|time| inM  |  instruction   |reset| outM  |writeM |addre| pc  |DRegiste|
|0+  |     0|0011000000111001|  0  |*******|   0   |    0|    0|      0 |
|1   |     0|0011000000111001|  0  |*******|   0   |12345|    1|      0 |
|1+  |     0|1110110000010000|  0  |*******|   0   |12345|    1|  12345 |
|2   |     0|1110110000010000|  0  |*******|   0   |12345|    2|  12345 |
|2+  |     0|0101101110100000|  0  |*******|   0   |12345|    2|  12345 |
|3   |     0|0101101110100000|  0  |*******|   0   |23456|    3|  12345 |
|3+  |     0|1110000111010000|  0  |*******|   0   |23456|    3|  11111 |
|4   |     0|1110000111010000|  0  |*******|   0   |23456|    4|  11111 |
|4+  |     0|0000001111101000|  0  |*******|   0   |23456|    4|  11111 |
|5   |     0|0000001111101000|  0  |*******|   0   | 1000|    5|  11111 |
|5+  |     0|1110001100001000|  0  |  11111|   1   | 1000|    5|  11111 |
|6   |     0|1110001100001000|  0  |  11111|   1   | 1000|    6|  11111 |
|6+  |     0|0000001111101001|  0  |*******|   0   | 1000|    6|  11111 |
|7   |     0|0000001111101001|  0  |*******|   0   | 1001|    7|  11111 |
|7+  |     0|1110001110011000|  0  |  11110|   1   | 1001|    7|  11110 |
|8   |     0|1110001110011000|  0  |  11109|   1   | 1001|    8|  11110 |
|8+  |     0|0000001111101000|  0  |*******|   0   | 1001|    8|  11110 |
|9   |     0|0000001111101000|  0  |*******|   0   | 1000|    9|  11110 |
|9+  | 11111|1111010011010000|  0  |*******|   0   | 1000|    9|     -1 |
|10  | 11111|1111010011010000|  0  |*******|   0   | 1000|   10|     -1 |
|10+ | 11111|0000000000001110|  0  |*******|   0   | 1000|   10|     -1 |
|11  | 11111|0000000000001110|  0  |*******|   0   |   14|   11|     -1 |
|11+ | 11111|1110001100000100|  0  |*******|   0   |   14|   11|     -1 |
|12  | 11111|1110001100000100|  0  |*******|   0   |   14|   14|     -1 |
|12+ | 11111|0000001111100111|  0  |*******|   0   |   14|   14|     -1 |
|13  | 11111|0000001111100111|  0  |*******|   0   |  999|   15|     -1 |
|13+ | 11111|1110110111100000|  0  |*******|   0   |  999|   15|     -1 |
|14  | 11111|1110110111100000|  0  |*******|   0   | 1000|   16|     -1 |
|14+ | 11111|1110001100001000|  0  |     -1|   1   | 1000|   16|     -1 |
|15  | 11111|1110001100001000|  0  |     -1|   1   | 1000|   17|     -1 |
|15+ | 11111|0000000000010101|  0  |*******|   0   | 1000|   17|     -1 |
|16  | 11111|0000000000010101|  0  |*******|   0   |   21|   18|     -1 |
|16+ | 11111|1110011111000010|  0  |*******|   0   |   21|   18|     -1 |
|17  | 11111|1110011111000010|  0  |*******|   0   |   21|   21|     -1 |
|17+ | 11111|0000000000000010|  0  |*******|   0   |   21|   21|     -1 |
|18  | 11111|0000000000000010|  0  |*******|   0   |    2|   22|     -1 |
|18+ | 11111|1110000010010000|  0  |*******|   0   |    2|   22|      1 |
|19  | 11111|1110000010010000|  0  |*******|   0   |    2|   23|      1 |
|19+ | 11111|0000001111101000|  0  |*******|   0   |    2|   23|      1 |
|20  | 11111|0000001111101000|  0  |*******|   0   | 1000|   24|      1 |
|20+ | 11111|1110111010010000|  0  |*******|   0   | 1000|   24|     -1 |
|21  | 11111|1110111010010000|  0  |*******|   0   | 1000|   25|     -1 |
|21+ | 11111|1110001100000001|  0  |*******|   0   | 1000|   25|     -1 |
|22  | 11111|1110001100000001|  0  |*******|   0   | 1000|   26|     -1 |
|22+ | 11111|1110001100000010|  0  |*******|   0   | 1000|   26|     -1 |
|23  | 11111|1110001100000010|  0  |*******|   0   | 1000|   27|     -1 |
|23+ | 11111|1110001100000011|  0  |*******|   0   | 1000|   27|     -1 |
|24  | 11111|1110001100000011|  0  |*******|   0   | 1000|   28|     -1 |
|24+ | 11111|1110001100000100|  0  |*******|   0   | 1000|   28|     -1 |
|25  | 11111|1110001100000100|  0  |*******|   0   | 1000| 1000|     -1 |
|25+ | 11111|1110001100000101|  0  |*******|   0   | 1000| 1000|     -1 |
|26  | 11111|1110001100000101|  0  |*******|   0   | 1000| 1000|     -1 |
|26+ | 11111|1110001100000110|  0  |*******|   0   | 1000| 1000|     -1 |
|27  | 11111|1110001100000110|  0  |*******|   0   | 1000| 1000|     -1 |
|27+ | 11111|1110001100000111|  0  |*******|   0   | 1000| 1000|     -1 |
|28  | 11111|1110001100000111|  0  |*******|   0   | 1000| 1000|     -1 |
|28+ | 11111|1110101010010000|  0  |*******|   0   | 1000| 1000|      0 |
|29  | 11111|1110101010010000|  0  |*******|   0   | 1000| 1001|      0 |
|29+ | 11111|1110001100000001|  0  |*******|   0   | 1000| 1001|      0 |
|30  | 11111|1110001100000001|  0  |*******|   0   | 1000| 1002|      0 |
|30+ | 11111|1110001100000010|  0  |*******|   0   | 1000| 1002|      0 |
|31  | 11111|1110001100000010|  0  |*******|   0   | 1000| 1000|      0 |
|31+ | 11111|1110001100000011|  0  |*******|   0   | 1000| 1000|      0 |
|32  | 11111|1110001100000011|  0  |*******|   0   | 1000| 1000|      0 |
|32+ | 11111|1110001100000100|  0  |*******|   0   | 1000| 1000|      0 |
|33  | 11111|1110001100000100|  0  |*******|   0   | 1000| 1001|      0 |
|33+ | 11111|1110001100000101|  0  |*******|   0   | 1000| 1001|      0 |
|34  | 11111|1110001100000101|  0  |*******|   0   | 1000| 1002|      0 |
|34+ | 11111|1110001100000110|  0  |*******|   0   | 1000| 1002|      0 |
|35  | 11111|1110001100000110|  0  |*******|   0   | 1000| 1000|      0 |
|35+ | 11111|1110001100000111|  0  |*******|   0   | 1000| 1000|      0 |
|36  | 11111|1110001100000111|  0  |*******|   0   | 1000| 1000|      0 |
|36+ | 11111|1110111111010000|  0  |*******|   0   | 1000| 1000|      1 |
|37  | 11111|1110111111010000|  0  |*******|   0   | 1000| 1001|      1 |
|37+ | 11111|1110001100000001|  0  |*******|   0   | 1000| 1001|      1 |
|38  | 11111|1110001100000001|  0  |*******|   0   | 1000| 1000|      1 |
|38+ | 11111|1110001100000010|  0  |*******|   0   | 1000| 1000|      1 |
|39  | 11111|1110001100000010|  0  |*******|   0   | 1000| 1001|      1 |
|39+ | 11111|1110001100000011|  0  |*******|   0   | 1000| 1001|      1 |
|40  | 11111|1110001100000011|  0  |*******|   0   | 1000| 1000|      1 |
|40+ | 11111|1110001100000100|  0  |*******|   0   | 1000| 1000|      1 |
|41  | 11111|1110001100000100|  0  |*******|   0   | 1000| 1001|      1 |
|41+ | 11111|1110001100000101|  0  |*******|   0   | 1000| 1001|      1 |
|42  | 11111|1110001100000101|  0  |*******|   0   | 1000| 1000|      1 |
|42+ | 11111|1110001100000110|  0  |*******|   0   | 1000| 1000|      1 |
|43  | 11111|1110001100000110|  0  |*******|   0   | 1000| 1001|      1 |
|43+ | 11111|1110001100000111|  0  |*******|   0   | 1000| 1001|      1 |
|44  | 11111|1110001100000111|  0  |*******|   0   | 1000| 1000|      1 |
|44+ | 11111|1110001100000111|  1  |*******|   0   | 1000| 1000|      1 |
|45  | 11111|1110001100000111|  1  |*******|   0   | 1000|    0|      1 |
|45+ | 11111|0111111111111111|  0  |*******|   0   | 1000|    0|      1 |
|46  | 11111|0111111111111111|  0  |*******|   0   |32767|    1|      1 |

Computer Add

| time |reset|ARegister|DRegister|PC[]|RAM16K[0]|RAM16K[1]|RAM16K[2]|
| 0    |  0  |       0 |       0 |   0|       0 |       0 |       0 |
| 1    |  0  |       2 |       0 |   1|       0 |       0 |       0 |
| 2    |  0  |       2 |       2 |   2|       0 |       0 |       0 |
| 3    |  0  |       3 |       2 |   3|       0 |       0 |       0 |
| 4    |  0  |       3 |       5 |   4|       0 |       0 |       0 |
| 5    |  0  |       0 |       5 |   5|       0 |       0 |       0 |
| 6    |  0  |       0 |       5 |   6|       5 |       0 |       0 |
| 7    |  1  |       0 |       5 |   0|       0 |       0 |       0 |
| 8    |  0  |       2 |       5 |   1|       0 |       0 |       0 |
| 9    |  0  |       2 |       2 |   2|       0 |       0 |       0 |
| 10   |  0  |       3 |       2 |   3|       0 |       0 |       0 |
| 11   |  0  |       3 |       5 |   4|       0 |       0 |       0 |
| 12   |  0  |       0 |       5 |   5|       0 |       0 |       0 |
| 13   |  0  |       0 |       5 |   6|       5 |       0 |       0 |

Computer Max

| time |reset|ARegister|DRegister|PC[]|RAM16K[0]|RAM16K[1]|RAM16K[2]|
| 0    |  0  |       0 |       0 |   0|       3 |       5 |       0 |
| 1    |  0  |       0 |       0 |   1|       3 |       5 |       0 |
| 2    |  0  |       0 |       3 |   2|       3 |       5 |       0 |
| 3    |  0  |       1 |       3 |   3|       3 |       5 |       0 |
| 4    |  0  |       1 |      -2 |   4|       3 |       5 |       0 |
| 5    |  0  |      10 |      -2 |   5|       3 |       5 |       0 |
| 6    |  0  |      10 |      -2 |   6|       3 |       5 |       0 |
| 7    |  0  |       1 |      -2 |   7|       3 |       5 |       0 |
| 8    |  0  |       1 |       5 |   8|       3 |       5 |       0 |
| 9    |  0  |      12 |       5 |   9|       3 |       5 |       0 |
| 10   |  0  |      12 |       5 |  12|       3 |       5 |       0 |
| 11   |  0  |       2 |       5 |  13|       3 |       5 |       0 |
| 12   |  0  |       2 |       5 |  14|       3 |       5 |       5 |
| 13   |  0  |      14 |       5 |  15|       3 |       5 |       5 |
| 14   |  0  |      14 |       5 |  14|       3 |       5 |       5 |
| 15   |  1  |      14 |       5 |   0|       3 |       5 |       5 |
| 15   |  0  |      14 |       5 |   0|   23456 |   12345 |       5 |
| 16   |  0  |       0 |       5 |   1|   23456 |   12345 |       5 |
| 17   |  0  |       0 |   23456 |   2|   23456 |   12345 |       5 |
| 18   |  0  |       1 |   23456 |   3|   23456 |   12345 |       5 |
| 19   |  0  |       1 |   11111 |   4|   23456 |   12345 |       5 |
| 20   |  0  |      10 |   11111 |   5|   23456 |   12345 |       5 |
| 21   |  0  |      10 |   11111 |  10|   23456 |   12345 |       5 |
| 22   |  0  |       0 |   11111 |  11|   23456 |   12345 |       5 |
| 23   |  0  |       0 |   23456 |  12|   23456 |   12345 |       5 |
| 24   |  0  |       2 |   23456 |  13|   23456 |   12345 |       5 |
| 25   |  0  |       2 |   23456 |  14|   23456 |   12345 |   23456 |

Computer Rectangle

| time |ARegister|DRegister|PC[]|RAM16K[0]|RAM16K[1]|RAM16K[2]|
| 0    |       0 |       0 |   0|       4 |       0 |       0 |
| 1    |       0 |       0 |   1|       4 |       0 |       0 |
| 2    |       0 |       4 |   2|       4 |       0 |       0 |
| 3    |      23 |       4 |   3|       4 |       0 |       0 |
| 4    |      23 |       4 |   4|       4 |       0 |       0 |
| 5    |      16 |       4 |   5|       4 |       0 |       0 |
| 6    |      16 |       4 |   6|       4 |       0 |       0 |
| 7    |   16384 |       4 |   7|       4 |       0 |       0 |
| 8    |   16384 |   16384 |   8|       4 |       0 |       0 |
| 9    |      17 |   16384 |   9|       4 |       0 |       0 |
| 10   |      17 |   16384 |  10|       4 |       0 |       0 |
| 11   |      17 |   16384 |  11|       4 |       0 |       0 |
| 12   |   16384 |   16384 |  12|       4 |       0 |       0 |
| 13   |   16384 |   16384 |  13|       4 |       0 |       0 |
| 14   |      17 |   16384 |  14|       4 |       0 |       0 |
| 15   |      17 |   16384 |  15|       4 |       0 |       0 |
| 16   |      32 |   16384 |  16|       4 |       0 |       0 |
| 17   |      32 |   16416 |  17|       4 |       0 |       0 |
| 18   |      17 |   16416 |  18|       4 |       0 |       0 |
| 19   |      17 |   16416 |  19|       4 |       0 |       0 |
| 20   |      16 |   16416 |  20|       4 |       0 |       0 |
| 21   |      16 |       3 |  21|       4 |       0 |       0 |
| 22   |      10 |       3 |  22|       4 |       0 |       0 |
| 23   |      10 |       3 |  10|       4 |       0 |       0 |
| 24   |      17 |       3 |  11|       4 |       0 |       0 |
| 25   |   16416 |       3 |  12|       4 |       0 |       0 |
| 26   |   16416 |       3 |  13|       4 |       0 |       0 |
| 27   |      17 |       3 |  14|       4 |       0 |       0 |
| 28   |      17 |   16416 |  15|       4 |       0 |       0 |
| 29   |      32 |   16416 |  16|       4 |       0 |       0 |
| 30   |      32 |   16448 |  17|       4 |       0 |       0 |
| 31   |      17 |   16448 |  18|       4 |       0 |       0 |
| 32   |      17 |   16448 |  19|       4 |       0 |       0 |
| 33   |      16 |   16448 |  20|       4 |       0 |       0 |
| 34   |      16 |       2 |  21|       4 |       0 |       0 |
| 35   |      10 |       2 |  22|       4 |       0 |       0 |
| 36   |      10 |       2 |  10|       4 |       0 |       0 |
| 37   |      17 |       2 |  11|       4 |       0 |       0 |
| 38   |   16448 |       2 |  12|       4 |       0 |       0 |
| 39   |   16448 |       2 |  13|       4 |       0 |       0 |
| 40   |      17 |       2 |  14|       4 |       0 |       0 |
| 41   |      17 |   16448 |  15|       4 |       0 |       0 |
| 42   |      32 |   16448 |  16|       4 |       0 |       0 |
| 43   |      32 |   16480 |  17|       4 |       0 |       0 |
| 44   |      17 |   16480 |  18|       4 |       0 |       0 |
| 45   |      17 |   16480 |  19|       4 |       0 |       0 |
| 46   |      16 |   16480 |  20|       4 |       0 |       0 |
| 47   |      16 |       1 |  21|       4 |       0 |       0 |
| 48   |      10 |       1 |  22|       4 |       0 |       0 |
| 49   |      10 |       1 |  10|       4 |       0 |       0 |
| 50   |      17 |       1 |  11|       4 |       0 |       0 |
| 51   |   16480 |       1 |  12|       4 |       0 |       0 |
| 52   |   16480 |       1 |  13|       4 |       0 |       0 |
| 53   |      17 |       1 |  14|       4 |       0 |       0 |
| 54   |      17 |   16480 |  15|       4 |       0 |       0 |
| 55   |      32 |   16480 |  16|       4 |       0 |       0 |
| 56   |      32 |   16512 |  17|       4 |       0 |       0 |
| 57   |      17 |   16512 |  18|       4 |       0 |       0 |
| 58   |      17 |   16512 |  19|       4 |       0 |       0 |
| 59   |      16 |   16512 |  20|       4 |       0 |       0 |
| 60   |      16 |       0 |  21|       4 |       0 |       0 |
| 61   |      10 |       0 |  22|       4 |       0 |       0 |
| 62   |      10 |       0 |  23|       4 |       0 |       0 |
| 63   |      23 |       0 |  24|       4 |       0 |       0 |

Memory

|   in   |load |     address     |  out   |
|     -1 |  1  | 000000000000000 |      0 |
|     -1 |  1  | 000000000000000 |     -1 |
|   9999 |  0  | 000000000000000 |     -1 |
|   9999 |  0  | 000000000000000 |     -1 |
|   9999 |  0  | 010000000000000 |      0 |
|   9999 |  0  | 100000000000000 |      0 |
|   2222 |  1  | 010000000000000 |      0 |
|   2222 |  1  | 010000000000000 |   2222 |
|   9999 |  0  | 010000000000000 |   2222 |
|   9999 |  0  | 010000000000000 |   2222 |
|   9999 |  0  | 000000000000000 |     -1 |
|   9999 |  0  | 100000000000000 |      0 |
|   9999 |  0  | 000000000000001 |      0 |
|   9999 |  0  | 000000000000010 |      0 |
|   9999 |  0  | 000000000000100 |      0 |
|   9999 |  0  | 000000000001000 |      0 |
|   9999 |  0  | 000000000010000 |      0 |
|   9999 |  0  | 000000000100000 |      0 |
|   9999 |  0  | 000000001000000 |      0 |
|   9999 |  0  | 000000010000000 |      0 |
|   9999 |  0  | 000000100000000 |      0 |
|   9999 |  0  | 000001000000000 |      0 |
|   9999 |  0  | 000010000000000 |      0 |
|   9999 |  0  | 000100000000000 |      0 |
|   9999 |  0  | 001000000000000 |      0 |
|   9999 |  0  | 010000000000000 |   2222 |
|   1234 |  1  | 001001000110100 |      0 |
|   1234 |  1  | 001001000110100 |   1234 |
|   1234 |  0  | 010001000110100 |      0 |
|   1234 |  0  | 110001000110100 |      0 |
|   2345 |  1  | 010001101000101 |      0 |
|   2345 |  1  | 010001101000101 |   2345 |
|   2345 |  0  | 000001101000101 |      0 |
|   2345 |  0  | 100001101000101 |      0 |
|   2345 |  0  | 110000000000000 |     75 |
|     -1 |  1  | 100111111001111 |     -1 |
|     -1 |  1  | 101000001001111 |     -1 |
|     -1 |  1  | 000111111001111 |      0 |
|     -1 |  1  | 010111111001111 |      0 |
|     -1 |  0  | 100111111001110 |      0 |
|     -1 |  0  | 100111111001101 |      0 |
|     -1 |  0  | 100111111001011 |      0 |
|     -1 |  0  | 100111111000111 |      0 |
|     -1 |  0  | 100111111011111 |      0 |
|     -1 |  0  | 100111111101111 |      0 |
|     -1 |  0  | 100111110001111 |      0 |
|     -1 |  0  | 100111101001111 |      0 |
|     -1 |  0  | 100111011001111 |      0 |
|     -1 |  0  | 100110111001111 |      0 |
|     -1 |  0  | 100101111001111 |      0 |
|     -1 |  0  | 100011111001111 |      0 |
|     -1 |  0  | 101111111001111 |      0 |
|     -1 |  0  | 110000000000000 |     89 |
